0.000	0.000
0.000	0.020
0.000	0.040
0.000	0.060
0.000	0.080
0.000	0.100
0.000	0.120
0.000	0.140
0.000	0.160
0.000	0.180
0.000	0.200
0.000	0.220
0.000	0.240
0.000	0.260
0.000	0.280
0.000	0.300
0.000	0.320
0.000	0.340
0.000	0.360
0.000	0.380
0.000	0.400
0.000	0.420
0.000	0.440
0.000	0.460
0.000	0.480
0.000	0.500
0.000	0.520
0.000	0.540
0.000	0.560
0.000	0.580
0.000	0.600
0.000	0.620
0.000	0.640
0.000	0.660
0.000	0.680
0.000	0.700
0.000	0.720
0.000	0.740
0.000	0.760
0.000	0.780
0.000	0.800
0.000	0.820
0.000	0.840
0.000	0.860
0.000	0.880
0.000	0.900
0.000	0.920
0.000	0.940
0.000	0.960
0.000	0.980
0.000	1.000
0.000	1.020
0.000	1.040
0.000	1.060
0.000	1.080
0.000	1.100
0.000	1.120
0.000	1.140
0.000	1.160
0.000	1.180
0.000	1.200
0.000	1.220
0.000	1.240
0.000	1.260
0.000	1.280
0.000	1.300
0.000	1.320
0.000	1.340
0.000	1.360
0.000	1.380
0.000	1.400
0.000	1.420
0.000	1.440
0.000	1.460
0.000	1.480
0.000	1.500
0.000	1.520
0.000	1.540
0.000	1.560
0.000	1.580
0.000	1.600
0.000	1.620
0.000	1.640
0.000	1.660
0.000	1.680
0.000	1.700
0.000	1.720
0.000	1.740
0.000	1.760
0.000	1.780
0.001	1.800
0.001	1.820
0.001	1.840
0.001	1.860
0.002	1.880
0.002	1.900
0.003	1.920
0.003	1.940
0.004	1.960
0.005	1.980
0.006	2.000
0.006	2.020
0.007	2.040
0.008	2.060
0.009	2.080
0.010	2.100
0.010	2.120
0.011	2.140
0.012	2.160
0.013	2.180
0.014	2.200
0.015	2.220
0.016	2.240
0.017	2.260
0.018	2.280
0.019	2.300
0.020	2.320
0.021	2.340
0.022	2.360
0.023	2.380
0.024	2.400
0.025	2.420
0.026	2.440
0.027	2.460
0.028	2.480
0.029	2.500
0.030	2.520
0.031	2.540
0.032	2.560
0.033	2.580
0.033	2.600
0.033	2.620
0.033	2.640
0.033	2.660
0.033	2.680
0.033	2.700
0.033	2.720
0.033	2.740
0.033	2.760
0.033	2.780
0.033	2.800
0.033	2.820
0.033	2.840
0.033	2.860
0.033	2.880
0.033	2.900
0.033	2.920
0.033	2.940
0.033	2.960
0.033	2.980
0.033	3.000
