0.000	0.000
0.000	0.020
0.000	0.040
0.000	0.060
0.000	0.080
0.000	0.100
0.000	0.120
0.000	0.140
0.000	0.160
0.000	0.180
0.000	0.200
0.000	0.220
0.000	0.240
0.000	0.260
0.000	0.280
0.000	0.300
0.000	0.320
0.000	0.340
0.000	0.360
0.000	0.380
0.000	0.400
0.000	0.420
0.000	0.440
0.000	0.460
0.000	0.480
0.000	0.500
0.000	0.520
0.000	0.540
0.001	0.560
0.001	0.580
0.001	0.600
0.002	0.620
0.002	0.640
0.003	0.660
0.004	0.680
0.005	0.700
0.006	0.720
0.008	0.740
0.009	0.760
0.011	0.780
0.013	0.800
0.015	0.820
0.016	0.840
0.018	0.860
0.020	0.880
0.022	0.900
0.024	0.920
0.027	0.940
0.029	0.960
0.031	0.980
0.033	1.000
0.035	1.020
0.037	1.040
0.037	1.060
0.037	1.080
0.037	1.100
0.037	1.120
0.037	1.140
0.037	1.160
0.037	1.180
0.037	1.200
0.037	1.220
0.037	1.240
0.037	1.260
0.037	1.280
0.037	1.300
0.037	1.320
0.037	1.340
0.036	1.360
0.036	1.380
0.036	1.400
0.036	1.420
0.036	1.440
0.036	1.460
0.036	1.480
0.036	1.500
0.036	1.520
0.036	1.540
0.036	1.560
0.036	1.580
0.036	1.600
0.036	1.620
0.036	1.640
0.036	1.660
0.036	1.680
0.036	1.700
0.036	1.720
0.036	1.740
0.036	1.760
0.036	1.780
0.036	1.800
0.036	1.820
0.036	1.840
0.036	1.860
0.036	1.880
0.036	1.900
0.036	1.920
0.036	1.940
0.036	1.960
0.036	1.980
0.036	2.000
0.036	2.020
0.036	2.040
0.036	2.060
0.036	2.080
0.036	2.100
0.036	2.120
0.036	2.140
0.036	2.160
0.036	2.180
0.036	2.200
0.036	2.220
0.036	2.240
0.036	2.260
0.036	2.280
0.036	2.300
0.036	2.320
0.036	2.340
0.036	2.360
0.036	2.380
0.036	2.400
0.036	2.420
0.036	2.440
0.036	2.460
0.036	2.480
0.036	2.500
0.036	2.520
0.036	2.540
0.036	2.560
0.036	2.580
0.036	2.600
0.036	2.620
0.036	2.640
0.036	2.660
0.036	2.680
0.036	2.700
0.036	2.720
0.036	2.740
0.036	2.760
0.036	2.780
0.036	2.800
0.036	2.820
0.036	2.840
0.036	2.860
0.036	2.880
0.036	2.900
0.036	2.920
0.036	2.940
0.036	2.960
0.036	2.980
0.036	3.000
